
count=2
GD20PD20GD30PD30GD40GD50LR20CR30BT10PD40
PD50H   

Cno	C	isalpha	isdigit	row	line
0	G	1024	0	0	0
1	D	1024	0	1	0
2	2	0	2048	2	0
3	0	0	2048	3	020

0	P	1024	0	4	0
1	D	1024	0	5	0
2	2	0	2048	6	0
3	0	0	2048	7	020

0	G	1024	0	8	0
1	D	1024	0	9	0
2	3	0	2048	10	0
3	0	0	2048	11	030

0	P	1024	0	12	0
1	D	1024	0	13	0
2	3	0	2048	14	0
3	0	0	2048	15	030

0	G	1024	0	16	0
1	D	1024	0	17	0
2	4	0	2048	18	0
3	0	0	2048	19	040

0	G	1024	0	20	0
1	D	1024	0	21	0
2	5	0	2048	22	0
3	0	0	2048	23	050

0	L	1024	0	24	0
1	R	1024	0	25	0
2	2	0	2048	26	0
3	0	0	2048	27	020

0	C	1024	0	28	0
1	R	1024	0	29	0
2	3	0	2048	30	0
3	0	0	2048	31	030

0	B	1024	0	32	0
1	T	1024	0	33	0
2	1	0	2048	34	0
3	0	0	2048	35	010
row=35 line=0
0	P	1024	0	0	1
1	D	1024	0	1	1
2	5	0	2048	2	1
3	0	0	2048	3	150

count=3
GD30LR36SR40LR35SR41LR34SR42LR33SR43LR32
SR44LR31SR45LR30SR46LR39SR47SR38SR49PD40
H   

Cno	C	isalpha	isdigit	row	line
0	G	1024	0	0	0
1	D	1024	0	1	0
2	3	0	2048	2	0
3	0	0	2048	3	030

0	L	1024	0	4	0
1	R	1024	0	5	0
2	3	0	2048	6	0
3	6	0	2048	7	036

0	S	1024	0	8	0
1	R	1024	0	9	0
2	4	0	2048	10	0
3	0	0	2048	11	040

0	L	1024	0	12	0
1	R	1024	0	13	0
2	3	0	2048	14	0
3	5	0	2048	15	035

0	S	1024	0	16	0
1	R	1024	0	17	0
2	4	0	2048	18	0
3	1	0	2048	19	041

0	L	1024	0	20	0
1	R	1024	0	21	0
2	3	0	2048	22	0
3	4	0	2048	23	034

0	S	1024	0	24	0
1	R	1024	0	25	0
2	4	0	2048	26	0
3	2	0	2048	27	042

0	L	1024	0	28	0
1	R	1024	0	29	0
2	3	0	2048	30	0
3	3	0	2048	31	033

0	S	1024	0	32	0
1	R	1024	0	33	0
2	4	0	2048	34	0
3	3	0	2048	35	043

0	L	1024	0	36	0
1	R	1024	0	37	0
2	3	0	2048	38	0
3	2	0	2048	39	032

0	S	1024	0	0	1
1	R	1024	0	1	1
2	4	0	2048	2	1
3	4	0	2048	3	144

0	L	1024	0	4	1
1	R	1024	0	5	1
2	3	0	2048	6	1
3	1	0	2048	7	131

0	S	1024	0	8	1
1	R	1024	0	9	1
2	4	0	2048	10	1
3	5	0	2048	11	145

0	L	1024	0	12	1
1	R	1024	0	13	1
2	3	0	2048	14	1
3	0	0	2048	15	130

0	S	1024	0	16	1
1	R	1024	0	17	1
2	4	0	2048	18	1
3	6	0	2048	19	146

0	L	1024	0	20	1
1	R	1024	0	21	1
2	3	0	2048	22	1
3	9	0	2048	23	139

0	S	1024	0	24	1
1	R	1024	0	25	1
2	4	0	2048	26	1
3	7	0	2048	27	147

0	S	1024	0	28	1
1	R	1024	0	29	1
2	3	0	2048	30	1
3	8	0	2048	31	138

0	S	1024	0	32	1
1	R	1024	0	33	1
2	4	0	2048	34	1
3	9	0	2048	35	149

0	P	1024	0	36	1
1	D	1024	0	37	1
2	4	0	2048	38	1
3	0	0	2048	39	140

count=2
GD20LR20GD30CR33BT07GD40PD40PD20PD30GD40
PD40H   

Cno	C	isalpha	isdigit	row	line
0	G	1024	0	0	0
1	D	1024	0	1	0
2	2	0	2048	2	0
3	0	0	2048	3	020

0	L	1024	0	4	0
1	R	1024	0	5	0
2	2	0	2048	6	0
3	0	0	2048	7	020

0	G	1024	0	8	0
1	D	1024	0	9	0
2	3	0	2048	10	0
3	0	0	2048	11	030

0	C	1024	0	12	0
1	R	1024	0	13	0
2	3	0	2048	14	0
3	3	0	2048	15	033

0	B	1024	0	16	0
1	T	1024	0	17	0
2	0	0	2048	18	0
3	7	0	2048	19	07
row=19 line=0
0	P	1024	0	28	0
1	D	1024	0	29	0
2	2	0	2048	30	0
3	0	0	2048	31	020

0	P	1024	0	32	0
1	D	1024	0	33	0
2	3	0	2048	34	0
3	0	0	2048	35	030

0	G	1024	0	36	0
1	D	1024	0	37	0
2	4	0	2048	38	0
3	0	0	2048	39	040

0	P	1024	0	0	1
1	D	1024	0	1	1
2	4	0	2048	2	1
3	0	0	2048	3	140

count=2
GD20PD20GD30PD30GD40LR40SR20PD20PD30GD40
LR40SR20PD20PD30GD50PD50H   

Cno	C	isalpha	isdigit	row	line
0	G	1024	0	0	0
1	D	1024	0	1	0
2	2	0	2048	2	0
3	0	0	2048	3	020

0	P	1024	0	4	0
1	D	1024	0	5	0
2	2	0	2048	6	0
3	0	0	2048	7	020

0	G	1024	0	8	0
1	D	1024	0	9	0
2	3	0	2048	10	0
3	0	0	2048	11	030

0	P	1024	0	12	0
1	D	1024	0	13	0
2	3	0	2048	14	0
3	0	0	2048	15	030

0	G	1024	0	16	0
1	D	1024	0	17	0
2	4	0	2048	18	0
3	0	0	2048	19	040

0	L	1024	0	20	0
1	R	1024	0	21	0
2	4	0	2048	22	0
3	0	0	2048	23	040

0	S	1024	0	24	0
1	R	1024	0	25	0
2	2	0	2048	26	0
3	0	0	2048	27	020

0	P	1024	0	28	0
1	D	1024	0	29	0
2	2	0	2048	30	0
3	0	0	2048	31	020

0	P	1024	0	32	0
1	D	1024	0	33	0
2	3	0	2048	34	0
3	0	0	2048	35	030

0	G	1024	0	36	0
1	D	1024	0	37	0
2	4	0	2048	38	0
3	0	0	2048	39	040

0	L	1024	0	0	1
1	R	1024	0	1	1
2	4	0	2048	2	1
3	0	0	2048	3	140

0	S	1024	0	4	1
1	R	1024	0	5	1
2	2	0	2048	6	1
3	0	0	2048	7	120

0	P	1024	0	8	1
1	D	1024	0	9	1
2	2	0	2048	10	1
3	0	0	2048	11	120

0	P	1024	0	12	1
1	D	1024	0	13	1
2	3	0	2048	14	1
3	0	0	2048	15	130

0	G	1024	0	16	1
1	D	1024	0	17	1
2	5	0	2048	18	1
3	0	0	2048	19	150

0	P	1024	0	20	1
1	D	1024	0	21	1
2	5	0	2048	22	1
3	0	0	2048	23	150

count=2
GD20PD20LR20SR30SR31PD30SR40SR41SR42PD40
SR50SR51PD50SR60PD60H   

Cno	C	isalpha	isdigit	row	line
0	G	1024	0	0	0
1	D	1024	0	1	0
2	2	0	2048	2	0
3	0	0	2048	3	020

0	P	1024	0	4	0
1	D	1024	0	5	0
2	2	0	2048	6	0
3	0	0	2048	7	020

0	L	1024	0	8	0
1	R	1024	0	9	0
2	2	0	2048	10	0
3	0	0	2048	11	020

0	S	1024	0	12	0
1	R	1024	0	13	0
2	3	0	2048	14	0
3	0	0	2048	15	030

0	S	1024	0	16	0
1	R	1024	0	17	0
2	3	0	2048	18	0
3	1	0	2048	19	031

0	P	1024	0	20	0
1	D	1024	0	21	0
2	3	0	2048	22	0
3	0	0	2048	23	030

0	S	1024	0	24	0
1	R	1024	0	25	0
2	4	0	2048	26	0
3	0	0	2048	27	040

0	S	1024	0	28	0
1	R	1024	0	29	0
2	4	0	2048	30	0
3	1	0	2048	31	041

0	S	1024	0	32	0
1	R	1024	0	33	0
2	4	0	2048	34	0
3	2	0	2048	35	042

0	P	1024	0	36	0
1	D	1024	0	37	0
2	4	0	2048	38	0
3	0	0	2048	39	040

0	S	1024	0	0	1
1	R	1024	0	1	1
2	5	0	2048	2	1
3	0	0	2048	3	150

0	S	1024	0	4	1
1	R	1024	0	5	1
2	5	0	2048	6	1
3	1	0	2048	7	151

0	P	1024	0	8	1
1	D	1024	0	9	1
2	5	0	2048	10	1
3	0	0	2048	11	150

0	S	1024	0	12	1
1	R	1024	0	13	1
2	6	0	2048	14	1
3	0	0	2048	15	160

0	P	1024	0	16	1
1	D	1024	0	17	1
2	6	0	2048	18	1
3	0	0	2048	19	160

count=2
GD50LR50SR67LR51SR66LR52SR65LR53SR64LR54
SR63LR55SR62LR56SR61LR57SR60PD50PD60H   

Cno	C	isalpha	isdigit	row	line
0	G	1024	0	0	0
1	D	1024	0	1	0
2	5	0	2048	2	0
3	0	0	2048	3	050

0	L	1024	0	4	0
1	R	1024	0	5	0
2	5	0	2048	6	0
3	0	0	2048	7	050

0	S	1024	0	8	0
1	R	1024	0	9	0
2	6	0	2048	10	0
3	7	0	2048	11	067

0	L	1024	0	12	0
1	R	1024	0	13	0
2	5	0	2048	14	0
3	1	0	2048	15	051

0	S	1024	0	16	0
1	R	1024	0	17	0
2	6	0	2048	18	0
3	6	0	2048	19	066

0	L	1024	0	20	0
1	R	1024	0	21	0
2	5	0	2048	22	0
3	2	0	2048	23	052

0	S	1024	0	24	0
1	R	1024	0	25	0
2	6	0	2048	26	0
3	5	0	2048	27	065

0	L	1024	0	28	0
1	R	1024	0	29	0
2	5	0	2048	30	0
3	3	0	2048	31	053

0	S	1024	0	32	0
1	R	1024	0	33	0
2	6	0	2048	34	0
3	4	0	2048	35	064

0	L	1024	0	36	0
1	R	1024	0	37	0
2	5	0	2048	38	0
3	4	0	2048	39	054

0	S	1024	0	0	1
1	R	1024	0	1	1
2	6	0	2048	2	1
3	3	0	2048	3	163

0	L	1024	0	4	1
1	R	1024	0	5	1
2	5	0	2048	6	1
3	5	0	2048	7	155

0	S	1024	0	8	1
1	R	1024	0	9	1
2	6	0	2048	10	1
3	2	0	2048	11	162

0	L	1024	0	12	1
1	R	1024	0	13	1
2	5	0	2048	14	1
3	6	0	2048	15	156

0	S	1024	0	16	1
1	R	1024	0	17	1
2	6	0	2048	18	1
3	1	0	2048	19	161

0	L	1024	0	20	1
1	R	1024	0	21	1
2	5	0	2048	22	1
3	7	0	2048	23	157

0	S	1024	0	24	1
1	R	1024	0	25	1
2	6	0	2048	26	1
3	0	0	2048	27	160

0	P	1024	0	28	1
1	D	1024	0	29	1
2	5	0	2048	30	1
3	0	0	2048	31	150

0	P	1024	0	32	1
1	D	1024	0	33	1
2	6	0	2048	34	1
3	0	0	2048	35	160

count=4
GD70LR70SR80CR80BT20XXXXXXXXXXXXXXXXXXXX
XXXXXXXXXXXXXXXXXXXXXXXXXXXXXXXXXXXXXXXX
PD70GD70PD70GD70PD70GD70PD70GD70PD70GD70
PD70GD70PD70H   

Cno	C	isalpha	isdigit	row	line
0	G	1024	0	0	0
1	D	1024	0	1	0
2	7	0	2048	2	0
3	0	0	2048	3	070

0	L	1024	0	4	0
1	R	1024	0	5	0
2	7	0	2048	6	0
3	0	0	2048	7	070

0	S	1024	0	8	0
1	R	1024	0	9	0
2	8	0	2048	10	0
3	0	0	2048	11	080

0	C	1024	0	12	0
1	R	1024	0	13	0
2	8	0	2048	14	0
3	0	0	2048	15	080

0	B	1024	0	16	0
1	T	1024	0	17	0
2	2	0	2048	18	0
3	0	0	2048	19	020
row=19 line=0
0	P	1024	0	0	2
1	D	1024	0	1	2
2	7	0	2048	2	2
3	0	0	2048	3	270

0	G	1024	0	4	2
1	D	1024	0	5	2
2	7	0	2048	6	2
3	0	0	2048	7	270

0	P	1024	0	8	2
1	D	1024	0	9	2
2	7	0	2048	10	2
3	0	0	2048	11	270

0	G	1024	0	12	2
1	D	1024	0	13	2
2	7	0	2048	14	2
3	0	0	2048	15	270

0	P	1024	0	16	2
1	D	1024	0	17	2
2	7	0	2048	18	2
3	0	0	2048	19	270

0	G	1024	0	20	2
1	D	1024	0	21	2
2	7	0	2048	22	2
3	0	0	2048	23	270

0	P	1024	0	24	2
1	D	1024	0	25	2
2	7	0	2048	26	2
3	0	0	2048	27	270

0	G	1024	0	28	2
1	D	1024	0	29	2
2	7	0	2048	30	2
3	0	0	2048	31	270

0	P	1024	0	32	2
1	D	1024	0	33	2
2	7	0	2048	34	2
3	0	0	2048	35	270

0	G	1024	0	36	2
1	D	1024	0	37	2
2	7	0	2048	38	2
3	0	0	2048	39	270

0	P	1024	0	0	3
1	D	1024	0	1	3
2	7	0	2048	2	3
3	0	0	2048	3	370

0	G	1024	0	4	3
1	D	1024	0	5	3
2	7	0	2048	6	3
3	0	0	2048	7	370

0	P	1024	0	8	3
1	D	1024	0	9	3
2	7	0	2048	10	3
3	0	0	2048	11	370

count=1
GD20PD20GD30PD30LR30SR20PD20H   

Cno	C	isalpha	isdigit	row	line
0	G	1024	0	0	0
1	D	1024	0	1	0
2	2	0	2048	2	0
3	0	0	2048	3	020

0	P	1024	0	4	0
1	D	1024	0	5	0
2	2	0	2048	6	0
3	0	0	2048	7	020

0	G	1024	0	8	0
1	D	1024	0	9	0
2	3	0	2048	10	0
3	0	0	2048	11	030

0	P	1024	0	12	0
1	D	1024	0	13	0
2	3	0	2048	14	0
3	0	0	2048	15	030

0	L	1024	0	16	0
1	R	1024	0	17	0
2	3	0	2048	18	0
3	0	0	2048	19	030

0	S	1024	0	20	0
1	R	1024	0	21	0
2	2	0	2048	22	0
3	0	0	2048	23	020

0	P	1024	0	24	0
1	D	1024	0	25	0
2	2	0	2048	26	0
3	0	0	2048	27	020

count=1
GD20LR22SR25PD20H   

Cno	C	isalpha	isdigit	row	line
0	G	1024	0	0	0
1	D	1024	0	1	0
2	2	0	2048	2	0
3	0	0	2048	3	020

0	L	1024	0	4	0
1	R	1024	0	5	0
2	2	0	2048	6	0
3	2	0	2048	7	022

0	S	1024	0	8	0
1	R	1024	0	9	0
2	2	0	2048	10	0
3	5	0	2048	11	025

0	P	1024	0	12	0
1	D	1024	0	13	0
2	2	0	2048	14	0
3	0	0	2048	15	020

count=1
GD20LR26CR20BT06GD30PD30PD20H   

Cno	C	isalpha	isdigit	row	line
0	G	1024	0	0	0
1	D	1024	0	1	0
2	2	0	2048	2	0
3	0	0	2048	3	020

0	L	1024	0	4	0
1	R	1024	0	5	0
2	2	0	2048	6	0
3	6	0	2048	7	026

0	C	1024	0	8	0
1	R	1024	0	9	0
2	2	0	2048	10	0
3	0	0	2048	11	020

0	B	1024	0	12	0
1	T	1024	0	13	0
2	0	0	2048	14	0
3	6	0	2048	15	06
row=15 line=0
0	P	1024	0	24	0
1	D	1024	0	25	0
2	2	0	2048	26	0
3	0	0	2048	27	020

count=2
GD20PD20GD30LR30SR20PD20GD40PD40GD50LR50
SR20PD20H   

Cno	C	isalpha	isdigit	row	line
0	G	1024	0	0	0
1	D	1024	0	1	0
2	2	0	2048	2	0
3	0	0	2048	3	020

0	P	1024	0	4	0
1	D	1024	0	5	0
2	2	0	2048	6	0
3	0	0	2048	7	020

0	G	1024	0	8	0
1	D	1024	0	9	0
2	3	0	2048	10	0
3	0	0	2048	11	030

0	L	1024	0	12	0
1	R	1024	0	13	0
2	3	0	2048	14	0
3	0	0	2048	15	030

0	S	1024	0	16	0
1	R	1024	0	17	0
2	2	0	2048	18	0
3	0	0	2048	19	020

0	P	1024	0	20	0
1	D	1024	0	21	0
2	2	0	2048	22	0
3	0	0	2048	23	020

0	G	1024	0	24	0
1	D	1024	0	25	0
2	4	0	2048	26	0
3	0	0	2048	27	040

0	P	1024	0	28	0
1	D	1024	0	29	0
2	4	0	2048	30	0
3	0	0	2048	31	040

0	G	1024	0	32	0
1	D	1024	0	33	0
2	5	0	2048	34	0
3	0	0	2048	35	050

0	L	1024	0	36	0
1	R	1024	0	37	0
2	5	0	2048	38	0
3	0	0	2048	39	050

0	S	1024	0	0	1
1	R	1024	0	1	1
2	2	0	2048	2	1
3	0	0	2048	3	120

0	P	1024	0	4	1
1	D	1024	0	5	1
2	2	0	2048	6	1
3	0	0	2048	7	120
